2.000000e-02
2.777778e-02
3.027968e-02
3.268214e-02
3.499932e-02
3.724217e-02
3.941941e-02
4.153811e-02
4.360411e-02
4.562229e-02
4.759680e-02
4.953119e-02
5.142854e-02
5.329155e-02
5.512257e-02
5.692371e-02
5.869681e-02
6.044356e-02
6.216547e-02
6.386388e-02
6.554004e-02
6.719507e-02
6.883000e-02
7.044579e-02
7.204329e-02
7.362332e-02
7.518661e-02
7.673386e-02
7.826572e-02
7.978277e-02
8.128558e-02
8.277468e-02
8.425055e-02
8.571365e-02
8.716443e-02
8.860328e-02
9.003060e-02
9.144674e-02
9.285206e-02
9.424688e-02
9.563151e-02
9.700625e-02
9.837137e-02
9.972715e-02
1.010738e-01
1.024117e-01
1.037409e-01
1.050617e-01
1.063743e-01
1.076789e-01
1.089758e-01
1.102650e-01
1.115469e-01
1.128214e-01
1.140889e-01
1.153494e-01
1.166032e-01
1.178503e-01
1.190910e-01
1.203252e-01
1.215533e-01
1.227752e-01
1.239912e-01
1.252013e-01
1.264057e-01
1.276045e-01
1.287977e-01
1.299855e-01
1.311679e-01
1.323452e-01
1.335173e-01
1.346844e-01
1.358465e-01
1.370037e-01
1.381562e-01
1.393039e-01
1.404471e-01
1.415857e-01
1.427198e-01
1.438495e-01
1.449749e-01
1.460960e-01
1.472130e-01
1.483257e-01
1.494345e-01
1.505392e-01
1.516400e-01
1.527369e-01
1.538299e-01
1.549192e-01
1.560047e-01
1.570866e-01
1.581649e-01
1.592396e-01
1.603108e-01
1.613785e-01
1.624428e-01
1.635037e-01
1.645613e-01
1.656156e-01
1.666667e-01
1.686694e-01
1.706963e-01
1.727475e-01
1.748234e-01
1.769242e-01
1.790502e-01
1.812018e-01
1.833792e-01
1.855828e-01
1.878129e-01
1.900698e-01
1.923538e-01
1.946653e-01
1.970045e-01
1.993719e-01
2.017677e-01
2.041922e-01
2.066460e-01
2.091292e-01
2.116422e-01
2.141854e-01
2.167592e-01
2.193640e-01
2.220000e-01
2.246677e-01
2.273675e-01
2.300997e-01
2.328647e-01
2.356630e-01
2.384948e-01
2.413608e-01
2.442611e-01
2.471963e-01
2.501668e-01
2.531730e-01
2.562153e-01
2.592942e-01
2.624100e-01
2.655633e-01
2.687545e-01
2.719840e-01
2.752524e-01
2.785600e-01
2.819074e-01
2.852950e-01
2.887233e-01
2.921928e-01
2.957040e-01
2.992573e-01
3.028534e-01
3.064927e-01
3.101758e-01
3.139030e-01
3.176751e-01
3.214925e-01
3.253558e-01
3.292655e-01
3.332222e-01
3.372264e-01
3.412788e-01
3.453798e-01
3.495301e-01
3.537303e-01
